25 0.530867 0.53292 0.534973
50 0.536012 0.537496 0.538981
75 0.620528 0.622372 0.624217
100 0.753827 0.756624 0.759422
125 0.827412 0.831522 0.835632
150 0.863062 0.868961 0.87486
175 0.889769 0.898059 0.906349
200 0.905324 0.916642 0.927961
225 0.921029 0.936034 0.95104
250 0.92145 0.940665 0.959881
275 0.932554 0.956543 0.980531
300 0.929253 0.95909 0.988928
325 0.917404 0.952876 0.988348
350 0.923166 0.967174 1.01118
375 0.915145 0.967276 1.01941
400 0.881693 0.943173 1.00465
425 0.895048 0.966274 1.0375
450 0.855123 0.937019 1.01891
475 0.884729 0.979738 1.07475
500 0.837333 0.947545 1.05776
525 0.822484 0.949833 1.07718
550 0.788706 0.938611 1.08852
575 0.763301 0.932185 1.10107
600 0.766719 0.933742 1.10076
625 0.717832 0.931509 1.14519
650 0.724318 0.944334 1.16435
675 0.624315 0.862761 1.10121
700 0.60897 0.885326 1.16168
725 0.657038 1.00348 1.34991
750 0.602464 0.994655 1.38685
775 0.57272 1.07363 1.57454
800 0.429358 0.848485 1.26761
825 0.473933 1.00344 1.53294
850 0.362742 0.888889 1.41504
875 0.131358 1.02911 1.92687
900 0.239955 0.796468 1.35298
925 0.00446588 0.75 1.49553
950 0.151561 1.12209 2.09262
975 -0.0549558 0.8125 1.67996
1000 -0.216511 0.875 1.96651
1025 -0.172982 0.875 1.92298
1050 -0.179397 1 2.1794
1075 -0.329156 0.5 1.32916
1100 0 0 0
1125 -0.455456 0.75 1.95546
1150 0 0 0
1175 0 0 0
1200 -0.746067 1 2.74607
1225 0 0 0
1250 0 0 0
1275 0 0 0
1300 0 0 0
1325 0 0 0
1350 0 0 0
1375 0 0 0
1400 -1 1 3
1425 0 0 0
1450 0 0 0
1475 0 0 0
1500 -0.732051 1 2.73205
1525 0 0 0
1550 0 0 0
1575 0 0 0
1600 0 0 0
1625 0 0 0
1650 0 0 0
1675 0 0 0
1700 0 0 0
1725 0 0 0
1750 0 0 0
1775 0 0 0
1800 0 0 0
1825 0 0 0
1850 0 0 0
1875 0 0 0
1900 0 0 0
1925 0 0 0
1950 0 0 0
1975 0 0 0
2000 0 0 0
2025 0 0 0
2050 0 0 0
2075 0 0 0
2100 0 0 0
2125 0 0 0
2150 0 0 0
2175 0 0 0
2200 0 0 0
2225 0 0 0
2250 0 0 0
2275 0 0 0
2300 0 0 0
2325 0 0 0
2350 0 0 0
2375 0 0 0
2400 0 0 0
2425 0 0 0
2450 0 0 0
2475 0 0 0
2500 0 0 0
