0 0.530867 0.53292 0.534973
25 0.536012 0.537496 0.538981
50 0.620528 0.622372 0.624217
75 0.753827 0.756624 0.759422
100 0.827412 0.831522 0.835632
125 0.863062 0.868961 0.87486
150 0.889769 0.898059 0.906349
175 0.905324 0.916642 0.927961
200 0.921029 0.936034 0.95104
225 0.92145 0.940665 0.959881
250 0.932554 0.956543 0.980531
275 0.929253 0.95909 0.988928
300 0.917404 0.952876 0.988348
325 0.923166 0.967174 1.01118
350 0.915145 0.967276 1.01941
375 0.881693 0.943173 1.00465
400 0.914773 0.949404 0.984036
