0 0.824419 0.859519 0.894619
25 0.71403 0.726303 0.738576
50 0.558941 0.563889 0.568837
75 0.443007 0.4454 0.447793
100 0.434861 0.436665 0.43847
125 0.484473 0.486404 0.488334
150 0.556216 0.558651 0.561086
175 0.64045 0.643827 0.647204
200 0.725739 0.7305 0.735262
225 0.814868 0.821736 0.828604
250 0.882482 0.892102 0.901722
275 0.929526 0.942561 0.955597
300 0.957771 0.975183 0.992596
325 0.962632 0.984401 1.00617
350 0.967814 0.994663 1.02151
375 0.961276 0.994532 1.02779
400 0.976183 0.996911 1.01764
