       0      250        0      150 0.5913   0.5922   0.5931  
       0      150      150      300 0.7640   0.7720   0.7801  
       0      250      300     1200 0.8331   0.8747   0.9162  
     150      250      150      200 0.9478   0.9497   0.9515  
     150      250      200      250 0.9643   0.9670   0.9697  
     150      250      250      300 0.9506   0.9570   0.9634  
     250      300        0       50 0.8088   0.8132   0.8177  
     250      300       50      100 0.8856   0.8888   0.8920  
     250      300      100      150 0.9598   0.9623   0.9648  
     250      300      150      300 0.9891   0.9903   0.9915  
     250      300      300     1200 0.9912   0.9949   0.9985  
     300      400        0      150 0.9704   0.9723   0.9741  
     300      400      150      300 0.9956   0.9966   0.9975  
     300      400      300      400 0.9949   0.9961   0.9972  
     300      400      400     1200 0.9916   0.9969   1.0022  
     400      500        0      150 0.9910   0.9932   0.9953  
     400      500      150      300 0.9949   0.9958   0.9967  
     400      500      300      450 0.9976   0.9992   1.0009  
     400      500      450     1200 0.9972   1.0019   1.0067  
     500      700        0      150 0.9932   0.9964   0.9996  
     500      700      150      300 0.9975   1.0017   1.0058  
     500      700      300     1200 0.9975   0.9983   0.9992  
     700     1200        0     1200 0.9953   0.9973   0.9992  
