25 0.824419 0.859519 0.894619
50 0.71403 0.726303 0.738576
75 0.558941 0.563889 0.568837
100 0.443007 0.4454 0.447793
125 0.434861 0.436665 0.43847
150 0.484473 0.486404 0.488334
175 0.556216 0.558651 0.561086
200 0.64045 0.643827 0.647204
225 0.725739 0.7305 0.735262
250 0.814868 0.821736 0.828604
275 0.882482 0.892102 0.901722
300 0.929526 0.942561 0.955597
325 0.957771 0.975183 0.992596
350 0.962632 0.984401 1.00617
375 0.967814 0.994663 1.02151
400 0.961276 0.994532 1.02779
425 0.955668 0.995326 1.03498
450 0.946646 0.994598 1.04255
475 0.941486 0.997591 1.0537
500 0.933413 1.00018 1.06695
525 0.924943 1.00263 1.08032
550 0.910373 0.997539 1.08471
575 0.88762 0.995549 1.10348
600 0.881223 0.997545 1.11387
625 0.863797 0.995455 1.12711
650 0.844019 1 1.15598
675 0.824767 1 1.17523
700 0.787642 1 1.21236
725 0.773267 1 1.22673
750 0.736917 1 1.26308
775 0.732765 0.989474 1.24618
800 0.694726 1 1.30527
825 0.596588 0.979167 1.36174
850 0.631119 1 1.36888
875 0.538115 1 1.46188
900 0.517208 1 1.48279
925 0.458624 1 1.54138
950 0.424263 1 1.57574
975 0.251329 1 1.74867
1000 0.388917 1 1.61108
1025 0.297153 1 1.70285
1050 -0.0228992 1 2.0229
1075 0.161596 1 1.8384
1100 -0.234139 1 2.23414
1125 0.096916 1 1.90308
1150 -0.157455 1 2.15746
1175 -0.732051 1 2.73205
1200 -0.204664 1 2.20466
1225 -1 1 3
1250 -0.753618 1 2.75362
1275 -0.825005 1 2.825
1300 -1 1 3
1325 -0.715642 1 2.71564
1350 -1 1 3
1375 0 0 0
1400 0 0 0
1425 0 0 0
1450 0 0 0
1475 0 0 0
1500 0 0 0
1525 0 0 0
1550 0 0 0
1575 0 0 0
1600 0 0 0
1625 0 0 0
1650 0 0 0
1675 0 0 0
1700 0 0 0
1725 0 0 0
1750 0 0 0
1775 0 0 0
1800 0 0 0
1825 0 0 0
1850 0 0 0
1875 0 0 0
1900 0 0 0
1925 0 0 0
1950 0 0 0
1975 0 0 0
2000 0 0 0
2025 0 0 0
2050 0 0 0
2075 0 0 0
2100 0 0 0
2125 0 0 0
2150 0 0 0
2175 0 0 0
2200 0 0 0
2225 0 0 0
2250 0 0 0
2275 0 0 0
2300 0 0 0
2325 0 0 0
2350 0 0 0
2375 0 0 0
2400 0 0 0
2425 0 0 0
2450 0 0 0
2475 0 0 0
2500 0 0 0
