0 0.716828 0.734838 0.752849
25 0.88047 0.920628 0.960785
50 0.896879 0.9199 0.94292
75 0.805208 0.819323 0.833439
100 0.799045 0.809905 0.820766
125 0.788281 0.798047 0.807813
150 0.815191 0.825457 0.835723
175 0.84478 0.856498 0.868217
200 0.871284 0.885277 0.89927
225 0.9048 0.922122 0.939445
250 0.938917 0.960617 0.982317
275 0.948808 0.976258 1.00371
300 0.951424 0.986224 1.02102
325 0.947823 0.992125 1.03643
350 0.940931 0.99393 1.04693
375 0.928698 0.997332 1.06597
400 0.951024 0.993319 1.03561
