0 0.736917 0.74726 0.757604
25 0.70635 0.725002 0.743653
50 0.55099 0.559076 0.567162
75 0.457163 0.461504 0.465844
100 0.448224 0.451508 0.454792
125 0.495835 0.499155 0.502475
150 0.564026 0.56796 0.571894
175 0.64335 0.648468 0.653587
200 0.723937 0.730945 0.737953
225 0.798901 0.808564 0.818227
250 0.865097 0.878433 0.891769
275 0.912094 0.930141 0.948188
300 0.943993 0.968019 0.992045
325 0.950683 0.981197 1.01171
350 0.959287 0.997943 1.0366
375 0.949201 0.995274 1.04135
400 0.964744 0.994874 1.025
